HEA_3048.jpg: 0.892498758073, 0.791607898326, 0.759615384615, 0.88594949314, 0.308523231725, 0.179928609247, 0.787044543388, 0.759615384615;
KNE_372296.jpg: 0.484550422255, 0.501163233252, 0.730769230769, 0.472711261283, 0.429379994081, 0.338132568188, 0.274607085549, 0.730769230769;
COX_2531.jpg: 0.539095876801, 0.85055142282, 0.817307692308, 0.51406611692, 0.859943770346, 0.256084439207, 0.377217258756, 0.817307692308;
COX_2042.jpg: 0.386686537506, 0.497602680128, 0.807692307692, 0.370290326738, 0.386097957976, 0.386432341036, 0.220095039043, 0.807692307692;
NEC_3237.jpg: 0.0135121708892, 0.023012940553, 0.894230769231, 0.00300999000172, 0.0327389760284, 0.719885228263, 0.404490843145, 0.894230769231;
HEA_3034.jpg: 0.706408345753, 0.555317902686, 0.701923076923, 0.701094944085, 0.301457531814, 0.260422537617, 0.494776246269, 0.701923076923;
COX_1893.jpg: 0.0279185295579, 0.188102996331, 0.942307692308, 0.00552550102038, 0.307931340633, 0.634677460675, 0.405761493957, 0.942307692308;
COX_2045.jpg: 0.419970193741, 0.491282827239, 0.711538461538, 0.398537237249, 0.598993785144, 0.248586702191, 0.22315368717, 0.711538461538;
HAN_2166.jpg: 0.2217585693, 0.254274811817, 0.576923076923, 0.200178528347, 0.671833382658, 0.249987190654, 0.092268944828, 0.576923076923;
COX_2526.jpg: 0.730253353204, 0.866693808034, 0.769230769231, 0.710525130806, 0.746189701095, 0.167375450462, 0.534939932477, 0.769230769231;
NEC_3186.jpg: 0.0348733233979, 0.326848265551, 0.903846153846, 0.00737045296697, 0.595405445398, 0.562774333487, 0.277299367329, 0.903846153846;
HEA_3020.jpg: 0.64391455539, 0.479598732493, 0.673076923077, 0.634281709762, 0.319917135247, 0.195146111937, 0.416402721274, 0.673076923077;
KNE_372310.jpg: 0.378837555887, 0.3607044004, 0.701923076923, 0.367791253287, 0.335602249186, 0.374272002186, 0.191961232675, 0.701923076923;
HAN_2162.jpg: 0.167014406359, 0.137992769882, 0.5, 0.149854126281, 0.472736016573, 0.227135317928, 0.0545406004567, 0.5;
KNE_372294.jpg: 0.471535022355, 0.287920891593, 0.605769230769, 0.460763388442, 0.242712340929, 0.204727502519, 0.246943370263, 0.605769230769;
NEC_3195.jpg: 0.0576254346746, 0.181681717857, 0.913461538462, 0.0416309533935, 0.208900562297, 0.70070536797, 0.567099207327, 0.913461538462;
HEA_3023.jpg: 0.748137108793, 0.633815348439, 0.701923076923, 0.736657373226, 0.447839597514, 0.157418319072, 0.547437394665, 0.701923076923;
HEA_3024.jpg: 0.955588673621, 0.871926011736, 0.75, 0.946700935805, 0.461490085824, 0.1235845673, 0.894465008205, 0.75;
KNE_372297.jpg: 0.637754595132, 0.614161218253, 0.721153846154, 0.624186172574, 0.534255696952, 0.213659886253, 0.441618733508, 0.721153846154;
NEC_3244.jpg: 0.0385494287134, 0.378228240679, 1.0, 0.00884098915371, 0.543540988458, 0.595515021093, 0.641935782712, 1.0;
NEC_3171.jpg: 0.0322901142573, 0.0949900698642, 0.894230769231, 0.0195742564073, 0.127182598402, 0.725555498625, 0.571220463823, 0.894230769231;
HEA_2975.jpg: 0.718926974665, 0.419948894059, 0.625, 0.7174385081, 0.211823024563, 0.22356578026, 0.515371125415, 0.625;
NEC_3223.jpg: 0.156284153005, 0.187553420884, 0.817307692308, 0.141676120835, 0.100325540101, 0.516985192396, 0.30043705334, 0.817307692308;
KNE_372307.jpg: 0.301639344262, 0.449140185106, 0.701923076923, 0.276931949926, 0.764427345368, 0.272036344384, 0.2144663985, 0.701923076923;
HEA_2986.jpg: 0.826130153999, 0.572392130396, 0.653846153846, 0.818399989732, 0.394051494525, 0.1035336715, 0.677060882542, 0.653846153846;
NEC_3173.jpg: 0.0381520119225, 0.259059506219, 0.913461538462, 0.012962714974, 0.41617342409, 0.596283581835, 0.350377366004, 0.913461538462;
HEA_2971.jpg: 0.73740685544, 0.775761170909, 0.817307692308, 0.732431540364, 0.249408108908, 0.389933562194, 0.569986714202, 0.817307692308;
NEC_3170.jpg: 0.0361649279682, 0.353813577115, 0.884615384615, 0.00815297633006, 0.655186445694, 0.536660347389, 0.292361348332, 0.884615384615;
HEA_3016.jpg: 0.696572280179, 0.676061394075, 0.701923076923, 0.67765434009, 0.700059189109, 0.13659886253, 0.517718387891, 0.701923076923;
NEC_3196.jpg: 0.156284153005, 0.449066466523, 0.884615384615, 0.12887955415, 0.572469665582, 0.455466174788, 0.295647424573, 0.884615384615;
NEC_3225.jpg: 0.0496770988574, 0.0638360152943, 0.817307692308, 0.0344703615631, 0.0555637762652, 0.534935355502, 0.488269138411, 0.817307692308;
HEA_3036.jpg: 0.790163934426, 0.730938641196, 0.721153846154, 0.774595801553, 0.559004143238, 0.122645215282, 0.642790622317, 0.721153846154;
COX_2133.jpg: 0.129458519622, 0.399837906041, 0.807692307692, 0.10109203929, 0.682006510802, 0.406414920326, 0.204342745752, 0.807692307692;
HEA_2989.jpg: 0.683954297069, 0.520804321164, 0.663461538462, 0.672967520221, 0.42834418467, 0.158596778877, 0.463954308935, 0.663461538462;
COX_2525.jpg: 0.682762046696, 0.912117083682, 0.807692307692, 0.661250866859, 0.772491861497, 0.19839114618, 0.518639001933, 0.807692307692;
KNE_372306.jpg: 0.766815697963, 0.91634301099, 0.798076923077, 0.75007711482, 0.660365492749, 0.217912589025, 0.6583538027, 0.798076923077;
COX_2539.jpg: 0.434177844014, 0.780949216722, 0.798076923077, 0.404268590328, 1.0, 0.247408242387, 0.335887285058, 0.798076923077;
NEC_3214.jpg: 0.0310978638847, 0.231922309919, 0.894230769231, 0.0133747233773, 0.406185261912, 0.718723847586, 0.275675395585, 0.894230769231;
HAN_2164.jpg: 0.245106805763, 0.28944093516, 0.673076923077, 0.226406205656, 0.410180526783, 0.37153934177, 0.096968396022, 0.673076923077;
KNE_372305.jpg: 0.313661202186, 0.204871736769, 0.567307692308, 0.296714478073, 0.332938739272, 0.177281344469, 0.18636328991, 0.567307692308;
NEC_3221.jpg: 0.0220566318927, 0.0388083728948, 0.942307692308, 0.00834895872964, 0.0420982539213, 0.702071698178, 0.534443933018, 0.942307692308;
NEC_3158.jpg: 0.0168902136115, 0.0504148232176, 0.903846153846, 0.0033240183051, 0.0926679490974, 0.720073098666, 0.604071510587, 0.903846153846;
KNE_372302.jpg: 0.412717337308, 0.363453779236, 0.576923076923, 0.39140800963, 0.822876590707, 0.13702584072, 0.261748046415, 0.576923076923;
KNE_372291.jpg: 0.387481371088, 0.300629065473, 0.596153846154, 0.369309688417, 0.49852027227, 0.17620535943, 0.212714983084, 0.596153846154;
NEC_3151.jpg: 0.0246398410333, 0.0377740935134, 0.913461538462, 0.0106230293042, 0.0463154779521, 0.67069734078, 0.617343122382, 0.913461538462;
COX_1892.jpg: 0.0420268256334, 0.232225209703, 0.942307692308, 0.00794784578753, 0.380733944954, 0.458967395945, 0.845865545284, 0.942307692308;
HEA_2998.jpg: 1.0, 0.746532400197, 0.721153846154, 1.0, 0.213635691033, 0.155351744633, 1.0, 0.721153846154;
HAN_2159.jpg: 0.261798310979, 0.171141861153, 0.5, 0.245973538768, 0.476065403966, 0.198186196649, 0.0755584977173, 0.5;
HAN_2167.jpg: 0.144063586687, 0.282939279686, 0.634615384615, 0.118808675234, 0.781999112163, 0.280763778586, 0.10534428242, 0.634615384615;
NEC_3161.jpg: 0.0464977645306, 0.14184124934, 0.894230769231, 0.0309960992586, 0.203610535661, 0.676692114567, 0.295064714154, 0.894230769231;
COX_2544.jpg: 0.51564828614, 0.46509309572, 0.759615384615, 0.509233618121, 0.197432672388, 0.403118648699, 0.313942159822, 0.759615384615;
HEA_2993.jpg: 0.663387978142, 0.480138105705, 0.692307692308, 0.657099415353, 0.193326427937, 0.248176803129, 0.455071065356, 0.692307692308;
COX_2530.jpg: 0.544063586687, 0.811722726175, 0.807692307692, 0.520307223014, 0.809152116011, 0.259961401172, 0.365024767359, 0.807692307692;
HAN_2168.jpg: 0.187481371088, 0.175240157998, 0.557692307692, 0.169982129521, 0.444621189701, 0.272258373042, 0.0616331099207, 0.557692307692;
COX_2046.jpg: 0.129458519622, 0.277943255557, 0.711538461538, 0.107455453513, 0.587858833975, 0.397362982699, 0.138372172104, 0.711538461538;
KNE_372304.jpg: 0.115449577745, 0.163498226931, 0.528846153846, 0.0942291595695, 0.658996744599, 0.225119980871, 0.131691779167, 0.528846153846;
NEC_3220.jpg: 0.0814704421262, 0.0968638200721, 0.826923076923, 0.0656776712455, 0.0767238828056, 0.510751310823, 0.558825814103, 0.826923076923;
KNE_372298.jpg: 0.0367610531545, 0.131303856269, 0.442307692308, 0.0118218475314, 0.96041728322, 0.17044969343, 0.23794536352, 0.442307692308;
NEC_3253.jpg: 0.0093392945852, 0.00961797483809, 0.903846153846, 0.00352799261432, 0.0135025155371, 0.887533944766, 0.701587175463, 0.903846153846;
NEC_3210.jpg: 0.0305017386985, 0.0705493930198, 0.903846153846, 0.0225374529272, 0.0843074874223, 0.820037232498, 0.328999260197, 0.903846153846;
NEC_3203.jpg: 0.338201689021, 0.730577822832, 0.903846153846, 0.315393239456, 0.634396271086, 0.479086608256, 0.308816543192, 0.903846153846;
KNE_372314.jpg: 0.294187779434, 0.192125616335, 0.586538461538, 0.275939645441, 0.233242083457, 0.204044337415, 0.21437626654, 0.586538461538;
NEC_3167.jpg: 0.0133134624938, 0.0407191893492, 0.884615384615, 0.00280352212446, 0.0780926309559, 0.797526942324, 0.416688169555, 0.884615384615;
HEA_3028.jpg: 0.601490312966, 0.468215012501, 0.701923076923, 0.593971083598, 0.245190884877, 0.28095164899, 0.391336685701, 0.701923076923;
COX_2041.jpg: 0.0953800298063, 0.186073305291, 0.769230769231, 0.0776589311933, 0.313628292394, 0.491110314085, 0.168213331402, 0.769230769231;
KNE_372299.jpg: 0.397913561848, 0.515112579922, 0.692307692308, 0.372806829514, 0.818252441551, 0.222848456901, 0.301317801322, 0.692307692308;
HEA_3044.jpg: 0.583606557377, 0.383425426883, 0.644230769231, 0.57799897564, 0.225510506067, 0.275930385476, 0.345714405482, 0.644230769231;
HAN_2161.jpg: 0.22911077993, 0.264208847962, 0.567307692308, 0.204524208905, 0.72395679195, 0.213574490615, 0.0926026976368, 0.567307692308;
KNE_372313.jpg: 0.359662195728, 0.39178999649, 0.692307692308, 0.342281514861, 0.51979135839, 0.285136035251, 0.195225916259, 0.692307692308;
HAN_2147.jpg: 0.256631892697, 0.160987947176, 0.509615384615, 0.242475113342, 0.36726842261, 0.217075711773, 0.0814058998392, 0.509615384615;
NEC_3146.jpg: 0.0216592151018, 0.147204461203, 0.894230769231, 0.00448741788711, 0.27582124889, 0.673344605558, 0.362392832028, 0.894230769231;
HEA_2972.jpg: 0.540089418778, 0.354370585256, 0.625, 0.532539611563, 0.286771234093, 0.258355963177, 0.294603928193, 0.625;
KNE_372312.jpg: 0.429011425733, 0.288281134333, 0.634615384615, 0.415734270382, 0.201501923646, 0.253795836109, 0.237542597728, 0.634615384615;
COX_1891.jpg: 0.0182811723795, 0.0540206170294, 0.884615384615, 0.0034499094549, 0.102582124889, 0.67112431897, 0.509205707086, 0.884615384615;
NEC_3187.jpg: 0.0215598609041, 0.00277682205925, 0.903846153846, 0.00361456645267, 0.00532701982835, 0.657922153336, 0.44172159159, 0.903846153846;
COX_2536.jpg: 0.535121708892, 0.73973468189, 0.807692307692, 0.513405660503, 0.660883397455, 0.272360847808, 0.3550884486, 0.807692307692;
KNE_372293.jpg: 0.234575260805, 0.0836566995678, 0.394230769231, 0.224093404038, 0.316772713821, 0.134378575942, 0.0599530337683, 0.394230769231;
KNE_372309.jpg: 0.472031793343, 0.547700753004, 0.75, 0.452115076948, 0.528595738384, 0.267476217315, 0.305765284426, 0.75;
HEA_3032.jpg: 0.840536512668, 0.714956106733, 0.740384615385, 0.833690083432, 0.315440958864, 0.186640706393, 0.704397641407, 0.740384615385;
NEC_3184.jpg: 0.0877297565822, 0.345142398566, 0.913461538462, 0.0669924740568, 0.47691624741, 0.624891120562, 0.416547361175, 0.913461538462;
KNE_372308.jpg: 0.587580725286, 0.764963298388, 0.798076923077, 0.566256444501, 0.647454868304, 0.240952332155, 0.449795472064, 0.798076923077;
NEC_3183.jpg: 0.00437158469945, 0.00758122376936, 0.923076923077, 0.00242517013411, 0.00895235276709, 1.0, 0.788567435971, 0.923076923077;
NEC_3212.jpg: 0.026130153999, 0.0701069332752, 0.903846153846, 0.0143154828437, 0.0962562888429, 0.77330873939, 0.293099645853, 0.903846153846;
COX_2532.jpg: 0.348832588177, 0.384008154213, 0.798076923077, 0.337592999938, 0.221626220775, 0.457635223993, 0.205907967515, 0.798076923077;
NEC_3147.jpg: 0.0337804272231, 0.300900388844, 0.875, 0.00727121633892, 0.577056821545, 0.537958361087, 0.298623466941, 0.875;
NEC_3197.jpg: 0.0464977645306, 0.27814935224, 0.875, 0.0248067333553, 0.471256288843, 0.606155317586, 0.390880369848, 0.875;
NEC_3166.jpg: 0.0685543964232, 0.133962208184, 0.884615384615, 0.0544820605076, 0.135765019236, 0.656487506618, 0.32698780313, 0.884615384615;
HEA_3017.jpg: 0.599304520616, 0.540638981533, 0.653846153846, 0.579494380977, 0.707383841373, 0.131594678144, 0.389626687198, 0.653846153846;
COX_2044.jpg: 0.418877297566, 0.561980176449, 0.798076923077, 0.400837853033, 0.501146788991, 0.358542125668, 0.246334340947, 0.798076923077;
COX_2538.jpg: 0.642225534029, 0.726981131123, 0.769230769231, 0.625188896041, 0.589819473217, 0.238732045567, 0.43020914948, 0.769230769231;
NEC_3179.jpg: 0.0122205663189, 0.089287990594, 0.894230769231, 0.00293917879746, 0.164360757621, 0.841761882803, 0.654764945108, 0.894230769231;
HEA_3049.jpg: 0.755588673621, 0.569259500669, 0.711538461538, 0.753231678346, 0.217667949097, 0.257536165053, 0.581563972869, 0.711538461538;
HAN_2143.jpg: 0.0560357675112, 0.124523479969, 0.480769230769, 0.0371872272569, 0.692364604913, 0.274376184864, 0.104325827765, 0.480769230769;
NEC_3254.jpg: 0.00824639841033, 0.00459414126863, 0.961538461538, 0.00183513624188, 0.00743563184374, 0.96223804888, 0.880961452577, 0.961538461538;
HEA_2984.jpg: 0.580228514655, 0.459138883531, 0.711538461538, 0.572401555614, 0.213302752294, 0.298953049478, 0.371061328002, 0.711538461538;
COX_2535.jpg: 0.692101341282, 1.0, 0.807692307692, 0.666442558523, 0.925125776857, 0.170705880344, 0.548693722888, 0.807692307692;
KNE_372290.jpg: 0.52478887233, 0.691147073129, 0.75, 0.50044260154, 0.811297721219, 0.215828935458, 0.402486182465, 0.75;
COX_1998.jpg: 0.109687034277, 0.17616084258, 0.682692307692, 0.0940432320793, 0.368267238828, 0.427029427337, 0.116750126155, 0.682692307692;
KNE_372295.jpg: 0.483556880278, 0.399355299698, 0.682692307692, 0.474018041974, 0.319917135247, 0.30974705812, 0.271906182847, 0.682692307692;
HAN_2170.jpg: 0.0386487829111, 0.258311238132, 0.673076923077, 0.00883817535679, 0.837488902042, 0.317193557753, 0.209164988058, 0.673076923077;
