T09_10.jpg: 0.0606613039218, 0.0518136224809, 0.786666666667, 0.0262104415163, 0.116459986725, 0.608590800419, 0.601537780847, 0.786666666667;
T24_40.jpg: 0.35460200989, 0.799840940546, 1.0, 0.29101557291, 0.969531684867, 0.531122161899, 0.356987870888, 1.0;
T15_10.jpg: 0.137125994121, 0.0653519941616, 0.573333333333, 0.111348542763, 0.243448121517, 0.360233811409, 0.235664787454, 0.573333333333;
T20_40.jpg: 0.983598432195, 0.792726260234, 0.786666666667, 0.977957040344, 0.992276998942, 0.150828048725, 0.78029008786, 0.786666666667;
T10_30.jpg: 0.0343925893854, 0.0292054001029, 0.786666666667, 0.00585017707973, 0.0787114878087, 0.704387685762, 0.513039994918, 0.786666666667;
T02_40.jpg: 0.0456782808833, 0.0578928162664, 1.0, 0.00786795512666, 0.0973815439881, 0.878301529635, 0.595321809445, 1.0;
T17_10.jpg: 0.0458264020236, 0.0190228943645, 1.0, 0.00706965580807, 0.0338568715103, 0.826905760683, 0.747745960712, 1.0;
T09_30.jpg: 0.047364583096, 0.051008614537, 1.0, 0.00790647663631, 0.0869203445367, 0.853347612381, 0.810692207889, 1.0;
T02_30.jpg: 0.0406535560468, 0.0627508475989, 1.0, 0.00799406123289, 0.104021890285, 0.944399755719, 0.613904130695, 1.0;
T05_30.jpg: 0.0362384066723, 0.0697365346517, 0.786666666667, 0.00652420169125, 0.2080906446, 0.704306045464, 0.476326181637, 0.786666666667;
T08_10.jpg: 0.0821730510676, 0.163799123783, 1.0, 0.0366813172978, 0.242049851852, 0.789672982584, 0.585460711082, 1.0;
T08_20.jpg: 0.0587414260648, 0.102341400679, 1.0, 0.0199864541924, 0.157200132367, 0.863339744498, 0.510644928733, 1.0;
T20_10.jpg: 0.497396486111, 0.328338049735, 0.573333333333, 0.461903262333, 1.0, 0.116675190874, 0.593237548031, 0.573333333333;
T13_10.jpg: 0.0306098033407, 0.0229171682274, 0.786666666667, 0.00648860639497, 0.0613918808544, 0.751939157168, 0.530782739016, 0.786666666667;
T13_20.jpg: 0.0315896816535, 0.0260936307482, 0.786666666667, 0.0100628905767, 0.0626591225141, 0.793756598257, 0.619247015722, 0.786666666667;
T12_40.jpg: 0.0487375521272, 0.0642826788367, 1.0, 0.0117405612216, 0.106968585797, 0.8768608185, 0.546622861485, 1.0;
T07_10.jpg: 0.0467607046009, 0.0594607643314, 0.786666666667, 0.00845225667859, 0.159178942174, 0.601785841491, 0.412916095177, 0.786666666667;
T24_10.jpg: 0.86040152223, 1.0, 1.0, 0.859535868075, 0.870210543833, 0.46513519073, 0.640477230593, 1.0;
T02_10.jpg: 0.0584053050156, 0.0785584733018, 1.0, 0.028214715214, 0.108425196399, 0.955188280935, 0.588595279388, 1.0;
T06_10.jpg: 0.0229701706811, 0.0131013095381, 0.786666666667, 0.00358867017874, 0.0396871395534, 0.801877406688, 0.637093039174, 0.786666666667;
T03_30.jpg: 0.0851582617414, 0.127353679167, 0.786666666667, 0.0576983400235, 0.264447989533, 0.796143376371, 0.323684346697, 0.786666666667;
T04_10.jpg: 0.0494040972586, 0.0626836596444, 1.0, 0.00830138215287, 0.105238442278, 0.824843142575, 0.805208152709, 1.0;
T08_30.jpg: 0.0573057903972, 0.0927962937983, 1.0, 0.0196195335787, 0.142461872763, 0.881097309632, 0.483400645785, 1.0;
T24_20.jpg: 0.498598546134, 0.749172067622, 1.0, 0.463815826426, 0.785019386406, 0.563993587235, 0.394868476411, 1.0;
T07_40.jpg: 0.0524519745687, 0.0828992516208, 0.786666666667, 0.00997287365128, 0.217958870596, 0.573876865621, 0.420267998503, 0.786666666667;
T09_40.jpg: 0.0464245835517, 0.0747554299909, 1.0, 0.00899620527066, 0.123456117095, 0.890966981302, 0.790488451307, 1.0;
T21_10.jpg: 0.0407333135838, 0.0419518549161, 1.0, 0.00684360334729, 0.0703725594838, 0.932830845305, 1.0, 1.0;
T12_10.jpg: 0.0439634938359, 0.054255673471, 1.0, 0.0117620723984, 0.0857267463546, 0.937549174272, 0.607082166044, 1.0;
T07_20.jpg: 0.0403687077, 0.0384206286166, 0.786666666667, 0.00697100485179, 0.102812033153, 0.642602788737, 0.468202214085, 0.786666666667;
T15_30.jpg: 0.0353154980288, 0.0246468994042, 0.786666666667, 0.00698618175276, 0.0662992144058, 0.696535810076, 0.475722393954, 0.786666666667;
T19_10.jpg: 0.113534854044, 0.29329328515, 1.0, 0.0608869516915, 0.429829242773, 0.739408171874, 0.399708246381, 1.0;
T20_20.jpg: 0.973833830868, 0.720997587728, 0.786666666667, 0.972607170851, 0.834043945072, 0.166256464191, 0.685193645038, 0.786666666667;
T18_30.jpg: 0.257514299387, 0.538059641183, 1.0, 0.198912312535, 0.683569279384, 0.592544479955, 0.404386068252, 1.0;
T25_20.jpg: 0.229018070779, 0.316469173934, 0.786666666667, 0.180696283771, 0.662853464782, 0.430214754003, 0.344014337254, 0.786666666667;
T21_30.jpg: 0.0328373174122, 0.0156091734757, 0.786666666667, 0.0053380148696, 0.0427811220205, 0.707133040869, 0.556588529697, 0.786666666667;
T12_20.jpg: 0.0459574322631, 0.059455672716, 1.0, 0.0148352901103, 0.0880957709516, 0.949578311855, 0.682739960419, 1.0;
T21_40.jpg: 0.0497459152747, 0.0733395230061, 1.0, 0.00872964995548, 0.121481132924, 0.863059606222, 0.799366167574, 1.0;
T10_40.jpg: 0.0376683453729, 0.0238235346194, 0.786666666667, 0.00625958987953, 0.0652777698077, 0.665929502803, 0.395453644557, 0.786666666667;
T01_30.jpg: 0.126461272019, 0.296839952207, 1.0, 0.0826433006809, 0.415602661877, 0.819876691135, 0.343501948957, 1.0;
T15_20.jpg: 0.030404712531, 0.0278736364782, 0.573333333333, 0.00579450079928, 0.137992574442, 0.494520095119, 0.148652986929, 0.573333333333;
T01_10.jpg: 0.123646970353, 0.292366503036, 1.0, 0.0811811085663, 0.407327812942, 0.837446163426, 0.363300302041, 1.0;
T16_20.jpg: 0.0687168151676, 0.19477044913, 1.0, 0.021990664984, 0.324725654136, 0.813372680755, 0.374535192201, 1.0;
T06_30.jpg: 0.0403174349976, 0.0484780008552, 0.786666666667, 0.00713424508362, 0.131187725832, 0.654907262225, 0.433250347757, 0.786666666667;
T17_30.jpg: 0.0441400998109, 0.0201763686143, 1.0, 0.00680940507363, 0.0355066766898, 0.842370994323, 0.833596300841, 1.0;
T13_30.jpg: 0.03101998496, 0.0276229425967, 0.786666666667, 0.00628868914672, 0.0747682143274, 0.745535996568, 0.592685197368, 0.786666666667;
T10_10.jpg: 0.0646434838092, 0.0670958159464, 0.573333333333, 0.0300440544415, 0.311488956348, 0.388800712031, 0.21954495615, 0.573333333333;
T11_40.jpg: 0.0559783971014, 0.0908804445067, 1.0, 0.028296254048, 0.12757154416, 1.0, 0.714560100621, 1.0;
T01_20.jpg: 0.0538933072032, 0.0989601547343, 1.0, 0.0160714787148, 0.156280067102, 0.886453553474, 0.547836553755, 1.0;
T03_40.jpg: 0.0835688079666, 0.264882467116, 1.0, 0.0455597744011, 0.41746478981, 0.968278742387, 0.377340232087, 1.0;
T06_20.jpg: 0.0319599845042, 0.0149557114702, 0.786666666667, 0.00491698622285, 0.0437404000467, 0.688484636016, 0.642225371299, 0.786666666667;
T23_20.jpg: 0.0625356060433, 0.115938587258, 1.0, 0.0185084381947, 0.185864660504, 0.817312225314, 0.43522598917, 1.0;
T05_20.jpg: 0.0383975571406, 0.0578065576095, 0.786666666667, 0.00706503994316, 0.154781374512, 0.687383292393, 0.48505121275, 0.786666666667;
T06_40.jpg: 0.0249128364059, 0.0186189935883, 0.786666666667, 0.00394034341635, 0.0578770785154, 0.784323942298, 0.568858995304, 0.786666666667;
T04_30.jpg: 0.0762254175877, 0.10386818386, 0.786666666667, 0.0274725366445, 0.257173544202, 0.49826594407, 0.553904293807, 0.786666666667;
T05_40.jpg: 0.0327803477429, 0.0532889209581, 0.786666666667, 0.00556226489923, 0.163284805151, 0.718831615285, 0.432437504061, 0.786666666667;
T03_10.jpg: 0.109495704487, 0.128778084512, 0.786666666667, 0.084706168583, 0.250516938956, 0.740542331695, 0.301892354666, 0.786666666667;
T05_10.jpg: 0.0380158603559, 0.0361655981459, 0.786666666667, 0.00615920478264, 0.106733309232, 0.640135971115, 0.510336032971, 0.786666666667;
T22_40.jpg: 0.060291001071, 0.118453060761, 1.0, 0.0147616073257, 0.188938558386, 0.799966863644, 0.822596969017, 1.0;
T02_20.jpg: 0.0789542647494, 0.12710884792, 1.0, 0.0498603792657, 0.160909085692, 0.985611297737, 0.460807914517, 1.0;
T22_20.jpg: 0.0982328008568, 0.180698832345, 1.0, 0.0533884089524, 0.25670490389, 0.794819522917, 0.649669792817, 1.0;
T14_40.jpg: 0.0521044595857, 0.119313474656, 1.0, 0.0153637690608, 0.192925826672, 0.917632943621, 0.499895821931, 1.0;
T14_20.jpg: 0.059510516601, 0.163211546827, 1.0, 0.0134588824344, 0.281776204166, 0.831942646891, 0.31558558433, 1.0;
T13_40.jpg: 0.0325125902969, 0.0353917214303, 0.786666666667, 0.00729701823657, 0.0938906518691, 0.748695956324, 0.632220333498, 0.786666666667;
T14_30.jpg: 0.05531185197, 0.117049206296, 1.0, 0.0167079297854, 0.190677309584, 0.87589874362, 0.549182756471, 1.0;
T17_20.jpg: 0.0456782808833, 0.0277563238875, 1.0, 0.00722395887826, 0.046790387709, 0.837674276023, 0.771376411888, 1.0;
T25_30.jpg: 0.465687168152, 0.77913781412, 1.0, 0.414596725524, 0.832015402007, 0.482074752098, 0.532871321566, 1.0;
T19_40.jpg: 0.096381286603, 0.21032849557, 1.0, 0.041593443568, 0.313238228042, 0.696246067059, 0.639051696419, 1.0;
T22_10.jpg: 0.138578720689, 0.403538185753, 1.0, 0.0744633021975, 0.596762747495, 0.637292967809, 0.605427668314, 1.0;
T25_10.jpg: 0.31226215163, 0.571762839964, 1.0, 0.256659317209, 0.67831381303, 0.55674280825, 0.516352408233, 1.0;
T12_30.jpg: 0.0461682200397, 0.0618107300999, 1.0, 0.00894113680058, 0.108685339592, 0.87595717246, 0.534115070002, 1.0;
T21_20.jpg: 0.03364058975, 0.0319246864255, 0.786666666667, 0.00595984597297, 0.0846431351846, 0.728706889721, 0.443622355626, 0.786666666667;
T24_30.jpg: 0.51211744867, 0.826413885093, 1.0, 0.470944387907, 0.853036311016, 0.521611867618, 0.394671215849, 1.0;
T01_40.jpg: 0.111723218558, 0.322154408138, 1.0, 0.0630782587384, 0.474609259185, 0.812777987214, 0.398653934502, 1.0;
T09_20.jpg: 0.039411617255, 0.0520889171124, 1.0, 0.00669856023431, 0.0869059984047, 0.946762521981, 0.842226951409, 1.0;
T20_30.jpg: 1.0, 0.783099268694, 0.786666666667, 1.0, 0.970133266002, 0.15232078554, 0.772842917977, 0.786666666667;
T25_40.jpg: 0.388652781259, 0.617367341033, 1.0, 0.346427541095, 0.680993670487, 0.569365838978, 0.637362376721, 1.0;
T07_30.jpg: 0.0409896770959, 0.0348100591477, 0.786666666667, 0.0070264967722, 0.0937586674547, 0.631848680509, 0.44087916639, 0.786666666667;
T04_20.jpg: 0.0661759679147, 0.116926801677, 1.0, 0.0117052581108, 0.198779048526, 0.697505888907, 0.864103061953, 1.0;
T10_20.jpg: 0.0365916186222, 0.0265465282002, 0.786666666667, 0.00605029182188, 0.0733450780334, 0.668750095047, 0.439027589916, 0.786666666667;
T18_10.jpg: 0.193839299957, 0.503990226635, 1.0, 0.129761341978, 0.689106886335, 0.62028697365, 0.318904007615, 1.0;
T08_40.jpg: 0.0774445685117, 0.141889341361, 1.0, 0.0335233833676, 0.207696604175, 0.802734629813, 0.577714442713, 1.0;
T17_40.jpg: 0.0433140396053, 0.0218363823147, 1.0, 0.00672966716448, 0.0381874905555, 0.856830931748, 0.695970464956, 1.0;
T18_40.jpg: 0.124119818609, 0.429297226909, 1.0, 0.0554765874852, 0.67895078129, 0.617529612617, 0.393549318981, 1.0;
T15_40.jpg: 0.0422714946562, 0.0698545663191, 0.786666666667, 0.00826347790227, 0.179238660339, 0.682183925986, 0.584172703719, 0.786666666667;
T23_40.jpg: 0.0408529498895, 0.078581749307, 1.0, 0.0092887971266, 0.135807180335, 0.966096065018, 0.485358395101, 1.0;
T16_40.jpg: 0.156905863318, 0.363687727623, 1.0, 0.108943855257, 0.482419293443, 0.80008612251, 0.218368441352, 1.0;
T16_10.jpg: 0.157549620582, 0.295834412487, 1.0, 0.110343808231, 0.378981768935, 0.759654165296, 0.348097963485, 1.0;
T18_20.jpg: 0.117972791286, 0.383177471592, 1.0, 0.0538878967725, 0.591187840601, 0.660383565328, 0.348906601447, 1.0;
T03_20.jpg: 0.05941936513, 0.0803054443021, 0.786666666667, 0.0354349374601, 0.186443287827, 0.801141043219, 0.276493342496, 0.786666666667;
T19_20.jpg: 0.0701752387029, 0.0938524253785, 0.786666666667, 0.0304228998611, 0.226774090503, 0.584366043079, 0.432921857613, 0.786666666667;
T11_20.jpg: 0.0561436091425, 0.0886405605835, 1.0, 0.0271057910706, 0.126025031131, 0.965013930876, 0.825648738363, 1.0;
T11_30.jpg: 0.062649545382, 0.0902275871792, 1.0, 0.0335063578589, 0.12259917481, 0.965443743032, 0.716893821262, 1.0;
T16_30.jpg: 0.115688307545, 0.23194000689, 1.0, 0.0742854232144, 0.32844321514, 0.815805881783, 0.341349782255, 1.0;
T19_30.jpg: 0.0806348699952, 0.170060300642, 1.0, 0.029309649243, 0.264015692756, 0.725057888574, 0.60639519335, 1.0;
T22_30.jpg: 0.0880352300435, 0.18587955611, 1.0, 0.0371109216837, 0.282307967459, 0.730836741015, 0.613363794994, 1.0;
T14_10.jpg: 0.0576931841488, 0.121766859163, 1.0, 0.0154893684386, 0.197323394333, 0.868155721664, 0.458698632394, 1.0;
T04_40.jpg: 0.146645625869, 0.475798168484, 1.0, 0.0772266476664, 0.699909523728, 0.600919013625, 0.974143642205, 1.0;
T23_30.jpg: 0.0414340405168, 0.0758966021241, 1.0, 0.00984542524651, 0.127400346985, 0.967624019216, 0.645789937577, 1.0;
T23_10.jpg: 0.0391837385776, 0.0395993092498, 0.786666666667, 0.0124535213512, 0.0954926366087, 0.74033342858, 0.438056982602, 0.786666666667;
T11_10.jpg: 0.18435385001, 0.0928440993006, 0.786666666667, 0.163043910813, 0.106683575974, 0.593119163619, 0.558677746535, 0.786666666667;
