DY
100
8
c0;c1;c2;c3;c4;c5;c6;c7;
T09_10.jpg; 0.999999963828; 0.196511779293; 5.9685441488; 5257.94480942; 1.45912886756; 0.0241297166612; 7412.64895833; 9
T24_40.jpg; 0.999999344404; 0.269771965431; 7.21401227327; 1235.04201167; 2.32357471088; 0.00803521874746; 2468.41919922; 24
T15_10.jpg; 0.999999882032; 0.203378864482; 6.59376386711; 2911.50644548; 1.65417242479; 0.0144288960139; 4432.55685547; 15
T20_40.jpg; 0.99999990767; -0.0605756795124; 6.18349651937; 3291.00423996; 1.76652805753; 0.018940991656; 5818.67263672; 20
T10_30.jpg; 0.99999983338; 0.0232920113381; 6.74484425865; 2449.83062023; 1.46665248588; 0.0127561556286; 3918.69100911; 10
T02_40.jpg; 0.999999496325; -0.434749025555; 7.03936254482; 1409.04420604; 1.73445323782; 0.00936069933573; 2875.60683594; 2
T17_10.jpg; 0.999999929455; -0.0105918652799; 6.23124247007; 3765.02478482; 1.43690162184; 0.018939227189; 5818.13059245; 17
T09_30.jpg; 0.999999638938; -0.53919306676; 6.81422982738; 1664.21234414; 1.7484416613; 0.011066854371; 3399.73766276; 9
T02_30.jpg; 0.999999524061; -0.368902835387; 7.05521981753; 1449.5207008; 1.67200858814; 0.00934891558753; 2871.98686849; 2
T05_30.jpg; 0.999999905678; -0.20908453926; 6.42287718437; 3256.07387076; 1.28110709968; 0.0166534891976; 5115.95188151; 5
T08_10.jpg; 0.999999328812; -0.490727882589; 7.16309658166; 1220.61213635; 1.86613257913; 0.00847026831309; 2602.06642578; 8
T08_20.jpg; 0.99999945993; -0.356202275488; 7.12492768416; 1360.73847319; 1.72727945823; 0.00889023475647; 2731.08011719; 8
T20_10.jpg; 0.999999980942; 0.119114619173; 5.41012268127; 7243.79516479; 1.57511907006; 0.0360545661926; 11075.9627344; 20
T13_10.jpg; 0.999999862159; 0.192914307648; 6.66903926095; 2693.4605314; 1.55246401072; 0.0135338702732; 4157.60494792; 13
T13_20.jpg; 0.999999906822; 0.0351498787426; 6.52250516772; 3275.98701049; 1.40054676781; 0.0159509158028; 4900.12133464; 13
T12_40.jpg; 0.999999553548; -0.189109829734; 7.05567754818; 1496.62289324; 1.71216421708; 0.00939448844062; 2885.98684896; 12
T07_10.jpg; 0.999999935231; 0.221344329458; 6.31220461619; 3929.29957921; 1.46643343736; 0.0182995755937; 5621.6296224; 7
T24_10.jpg; 0.999999632716; 0.471260781119; 7.2593266285; 1650.05594246; 1.75139518194; 0.00840307653215; 2581.42511068; 24
T02_10.jpg; 0.999999441426; -0.508145100256; 7.10495783732; 1338.01061877; 1.75820460469; 0.00896624033186; 2754.42902995; 2
T06_10.jpg; 0.999999968917; 0.0726867080659; 5.86349450079; 5672.05991244; 1.40420291765; 0.0265056925456; 8142.54875; 6
T03_30.jpg; 0.999999803344; 0.146847705965; 6.99662203802; 2254.99692983; 1.44611886738; 0.0109330998739; 3358.64828125; 3
T04_10.jpg; 0.999999912684; -0.135199761989; 6.2518290532; 3384.17815543; 1.43811345117; 0.0180076616075; 5531.95364583; 4
T08_30.jpg; 0.99999925534; -0.435207160492; 7.23313569892; 1158.83261717; 1.87512205411; 0.00804037797716; 2470.00411458; 8
T24_20.jpg; 0.999998811121; -0.0222055630535; 7.37035163215; 917.129894755; 2.18663449523; 0.00689850582547; 2119.22098958; 24
T07_40.jpg; 0.999999920493; 0.222343319629; 6.36965480017; 3546.48690534; 1.64561616627; 0.0171516636319; 5268.99106771; 7
T09_40.jpg; 0.999999527489; -0.47387586324; 6.98604894796; 1454.76926129; 1.72900041922; 0.00971832319895; 2985.46888672; 9
T21_10.jpg; 0.99999960559; -0.492025789581; 6.89592244177; 1592.30351376; 1.7068510591; 0.0104102102915; 3198.01660156; 21
T12_10.jpg; 0.999999556184; -0.236582087214; 7.01986362999; 1501.06188885; 1.79023701308; 0.00959060351054; 2946.23339844; 12
T07_20.jpg; 0.999999940444; 0.296986899119; 6.31795855245; 4097.66287446; 1.62307771862; 0.0186444811503; 5727.58460937; 7
T15_30.jpg; 0.999999836497; -0.0201336494229; 6.78136654812; 2473.07348345; 1.3703146074; 0.0127246758143; 3909.02041016; 15
T19_10.jpg; 0.99999869521; -0.636953035884; 7.40056149338; 875.446155811; 2.20087878412; 0.00686441870795; 2108.74942708; 19
T20_20.jpg; 0.999999868849; -0.242781430693; 6.31278306482; 2761.29902949; 1.76584745833; 0.0168243680742; 5168.4458724; 20
T18_30.jpg; 0.999998955293; -0.51318115477; 7.32559425218; 978.368691913; 1.99664631324; 0.00730214292738; 2243.21830729; 18
T25_20.jpg; 0.999999691605; 0.339274319753; 6.9745302472; 1800.71895268; 2.25459324694; 0.0101515499751; 3118.55615234; 25
T21_30.jpg; 0.99999991822; 0.0730857085274; 6.44300742207; 3496.84254506; 1.37631355139; 0.0167390431934; 5142.23406901; 21
T12_20.jpg; 0.999999622492; -0.310439354076; 6.98139036677; 1627.56025519; 1.65656525292; 0.0100848649555; 3098.07051432; 12
T21_40.jpg; 0.999999440543; -0.470968329639; 7.05444878597; 1336.95423618; 1.77926844024; 0.00908767375946; 2791.73337891; 21
T10_40.jpg; 0.999999827751; -0.0828698827307; 6.7206624755; 2409.46746832; 1.41445174319; 0.0129047435337; 3964.33721354; 10
T01_30.jpg; 0.999997402914; -0.251149385915; 7.54821598547; 620.520657002; 2.31079413295; 0.00582252519396; 1788.67973958; 1
T15_20.jpg; 0.999999800626; -0.0491590166936; 6.88027568259; 2239.57289436; 1.35333289113; 0.0116309218936; 3573.01920573; 15
T01_10.jpg; 0.999996604384; -0.384220400462; 7.61240716848; 542.675233633; 2.46545368898; 0.00550608874427; 1691.47046224; 1
T16_20.jpg; 0.999999131377; -0.188111841335; 7.30612274338; 1072.96146506; 1.82626045938; 0.00744765288035; 2287.91896484; 16
T06_30.jpg; 0.999999932421; 0.12925327374; 6.23881141197; 3846.76269509; 1.46971068926; 0.0187674028185; 5765.34614583; 6
T17_30.jpg; 0.999999946814; -0.034009076882; 6.03385762955; 4336.12303781; 1.36533601589; 0.0217823700799; 6691.54408854; 17
T13_30.jpg; 0.999999875048; 0.181357863876; 6.64786256015; 2828.96636587; 1.51021217559; 0.0139572775311; 4287.67565755; 13
T10_10.jpg; 0.999999845953; 0.0904078245621; 6.69358502729; 2547.84484835; 1.54964162136; 0.0131783274333; 4048.3821875; 10
T11_40.jpg; 0.999999441804; -0.672105603741; 7.07616858904; 1338.46306207; 1.95960016524; 0.00917674615648; 2819.09641927; 11
T01_20.jpg; 0.999998403276; -0.781822413458; 7.3290033237; 791.379373619; 2.47538162803; 0.00699168215858; 2147.84475911; 1
T03_40.jpg; 0.999999157044; 0.61867891803; 7.43442478088; 1089.1743071; 2.35610395567; 0.00676342750125; 2077.72492839; 3
T06_20.jpg; 0.999999967893; 0.0427897098188; 5.8278887881; 5580.87754905; 1.37251938195; 0.026562275166; 8159.93093099; 6
T23_20.jpg; 0.999999359793; -0.298053427252; 7.13658034079; 1249.79723122; 1.89389070772; 0.00853315327962; 2621.3846875; 23
T05_20.jpg; 0.999999939617; 0.349508115623; 6.33174622809; 4069.51994152; 1.6496164751; 0.0182944182714; 5620.04529297; 5
T06_40.jpg; 0.999999974854; 0.112057237273; 5.72885721994; 6306.19375768; 1.4088426117; 0.0291100634469; 8942.61149089; 6
T04_30.jpg; 0.999999961523; -0.0125261231693; 5.78628804498; 5097.96498201; 1.39319628436; 0.0256816405402; 7889.39997396; 4
T05_40.jpg; 0.999999961421; 0.394759750216; 6.14551192677; 5091.23243234; 1.69493819062; 0.0218973678589; 6726.87140625; 5
T03_10.jpg; 0.999999687376; -0.0440395733091; 7.12598951805; 1788.49985475; 1.4496414823; 0.00955166649289; 2934.27194661; 3
T05_10.jpg; 0.999999939564; 0.331281465308; 6.39417858374; 4067.73247151; 1.61280270583; 0.0180802377701; 5554.24904297; 5
T22_40.jpg; 0.999999588569; -0.487118683405; 6.94185601892; 1559.01865483; 1.61901254281; 0.0101188006507; 3108.4955599; 22
T02_20.jpg; 0.999998854249; -0.567686882813; 7.41202274608; 934.231801273; 1.92335777389; 0.00689470104641; 2118.05216146; 2
T22_20.jpg; 0.999998894485; -0.69207497834; 7.26891254285; 951.080680788; 2.37087832596; 0.0075315618515; 2313.69580078; 22
T14_40.jpg; 0.999999364921; -0.174336412155; 7.2170623234; 1254.83307509; 1.68275491408; 0.00815837639703; 2506.25322917; 14
T14_20.jpg; 0.999998691168; -0.670007934054; 7.31357082509; 874.093344769; 2.41197969427; 0.007176205847; 2204.5304362; 14
T13_40.jpg; 0.999999935013; 0.276007079947; 6.42263532962; 3922.70210545; 1.49645417951; 0.0175433912277; 5389.32978516; 13
T14_30.jpg; 0.99999954618; -0.121789742092; 7.11014343596; 1484.42498768; 1.63042490551; 0.00905464742449; 2781.5876888; 14
T17_20.jpg; 0.99999992271; -0.0770734005343; 6.27274254643; 3596.98087521; 1.3916562898; 0.0183356738408; 5632.71900391; 17
T25_30.jpg; 0.999999440567; -0.387998518407; 7.11571300741; 1336.98333223; 1.88309560732; 0.00889900993771; 2733.77585286; 25
T19_40.jpg; 0.999999654504; -0.338193885317; 6.90804604695; 1701.29020894; 1.53734246005; 0.0105105777317; 3228.84947917; 19
T22_10.jpg; 0.999999311017; -0.356315661059; 7.19838267914; 1204.74662212; 1.81916051623; 0.00821650852627; 2524.11141927; 22
T25_10.jpg; 0.999999554773; -0.129709086695; 6.98197220662; 1498.68108805; 2.06775873205; 0.00969358206855; 2977.86841146; 25
T12_30.jpg; 0.999999527618; -0.148553991132; 7.0677705328; 1454.96742899; 1.75151515334; 0.00921629619598; 2831.24619141; 12
T21_20.jpg; 0.999999822783; 0.577010067647; 6.87513195187; 2375.4543752; 2.07266322061; 0.0114538874308; 3518.63421875; 21
T24_30.jpg; 0.999999429434; 0.522728731563; 7.22027087593; 1323.87513803; 2.45635786239; 0.00806218713125; 2476.70388672; 24
T01_40.jpg; 0.999992237395; -2.17579653985; 7.64312136347; 358.917439655; 7.57151992203; 0.00525989589691; 1615.84001953; 1
T09_20.jpg; 0.999999647629; -0.417840629905; 6.88061093597; 1684.61210592; 1.61304072445; 0.0106500713984; 3271.70193359; 9
T20_30.jpg; 0.999999915775; -0.171776162374; 6.13786104585; 3445.71544348; 1.78101816535; 0.0198501339806; 6097.96115885; 20
T25_40.jpg; 0.999999275954; -0.505129919661; 7.14677706679; 1175.21380854; 2.02423977897; 0.00842329249912; 2587.63545573; 25
T07_30.jpg; 0.999999935103; 0.197094132236; 6.3536486848; 3925.42285154; 1.57842595022; 0.0182570660909; 5608.57070312; 7
T04_20.jpg; 0.99999993797; -0.216086818612; 6.01763842194; 4015.12045406; 1.34308709646; 0.0214108462228; 6577.41195964; 4
T10_20.jpg; 0.999999878708; 0.0356133924722; 6.61417555986; 2871.34022062; 1.44173204256; 0.0144502684275; 4439.12246094; 10
T18_10.jpg; 0.999998661604; -0.623238636164; 7.39499882843; 864.385386117; 2.17236105102; 0.00684919564989; 2104.07290365; 18
T08_40.jpg; 0.999999366642; -0.511684557951; 7.14306542154; 1256.53690656; 1.86077342052; 0.00865552147759; 2658.97619792; 8
T17_40.jpg; 0.999999914688; -0.046404881896; 6.33742427573; 3423.69193575; 1.44952467199; 0.0174681050618; 5366.201875; 17
T18_40.jpg; 0.999999363848; -0.370427662252; 7.15230506057; 1253.77397164; 1.69866743684; 0.00848948743608; 2607.97054036; 18
T15_40.jpg; 0.99999960666; -0.100930530335; 7.04994399666; 1594.46891936; 1.56674617285; 0.00949414223565; 2916.60049479; 15
T23_40.jpg; 0.999999581106; -0.243755218104; 7.01384415962; 1545.06940863; 1.60415891762; 0.00965980542501; 2967.49222656; 23
T16_40.jpg; 0.999995737271; -0.861417718517; 7.67678344813; 484.345442098; 3.41498232146; 0.00524682220883; 1611.82378255; 16
T16_10.jpg; 0.999998901014; 0.289111445646; 7.55530996277; 953.902009691; 1.94182327941; 0.00620669263204; 1906.69597656; 16
T18_20.jpg; 0.999999020211; -0.560342278214; 7.29525136951; 1010.26067469; 1.94411672262; 0.00748545102013; 2299.53055339; 18
T03_20.jpg; 0.999999839464; 0.297030268638; 6.93362588113; 2495.82584599; 1.49037850444; 0.0115771546258; 3556.50190104; 3
T19_20.jpg; 0.999999770471; -0.158035636041; 6.76517629717; 2087.28428698; 1.50873721672; 0.0119880277846; 3682.72213542; 19
T11_20.jpg; 0.999999684299; -0.414883801522; 6.86463740447; 1779.76327665; 1.78618109026; 0.0110890531964; 3406.55714193; 11
T11_30.jpg; 0.999999438599; -0.591741537736; 7.07680024285; 1334.63767399; 2.04624062906; 0.00916233446333; 2814.66914714; 11
T16_30.jpg; 0.999998906299; -0.225119588536; 7.40135730888; 956.203970327; 1.87141755892; 0.00688856372833; 2116.16677734; 16
T19_30.jpg; 0.999999694061; -0.215442282788; 6.87334982947; 1807.93238255; 1.50459421833; 0.0108476206885; 3332.38907552; 19
T22_30.jpg; 0.999999525371; -0.382240646943; 7.04912059821; 1451.51891653; 1.63614223076; 0.0093765768475; 2880.48440755; 22
T14_10.jpg; 0.999998674124; -1.06016358019; 7.27305403999; 868.456747019; 2.77629295233; 0.00742142484453; 2279.86171224; 14
T04_40.jpg; 0.999999782833; -0.000812356378835; 6.76662396087; 2145.86660659; 1.63673088269; 0.0119502367655; 3671.11273438; 4
T23_30.jpg; 0.999999719228; -0.030735206135; 6.93955599223; 1887.22376995; 1.50436788798; 0.0105979398092; 3255.68710938; 23
T23_10.jpg; 0.999999713801; -0.126804846639; 6.91159831472; 1869.24230559; 1.49434271298; 0.0107679803848; 3307.92357422; 23
T11_10.jpg; 0.999999829912; -0.141259969966; 6.66645637884; 2424.73108583; 1.503322438; 0.0133125031789; 4089.60097656; 11
